1759547086508 37.124059198556076 1
1759547111038 25.023845930298833 2
1759547136814 40.48522748948746 3
1759547160819 35.1414770833756 4
1759547203731 45.403229759305816 5
1759547241998 39.65611158246972 6
1759547276135 39.291098478780334 7
1759547318702 45.63267346152406 8
1759547350162 38.56683191741722 9
1759547393025 34.62041125322769 10
1759547433567 40.90658660901458 11
1759547475015 44.98315800535254 12
1759547515865 43.46171599358178 13
1759547557831 44.659281544336686 14
1759547599038 36.78248690493273 15
1759547642719 42.52068537400122 16
1759547675262 43.639179989797704 17
1759547703581 41.45604007410731 18
