1759547086539 10007.319356969163 1
1759547111100 9936.699345844181 2
1759547136863 9971.73777729697 3
1759547160866 9924.655049959829 4
1759547203785 9917.26767032602 5
1759547242045 9882.962826406765 6
1759547276213 9881.995089891008 7
1759547318765 9948.124915502955 8
1759547350200 9892.27361718152 9
1759547393072 9883.938258704113 10
1759547433617 9875.94536274893 11
1759547475083 9904.811637403533 12
1759547515915 9917.459909829391 13
1759547557881 9883.627539973008 14
1759547599094 9910.938455250594 15
1759547642776 9916.81710421209 16
1759547675311 9889.153534152949 17
1759547703657 9932.095989232164 18
